0
0
0
0
0
0
0
0
0
0
0
0
0
0
0
0
0
0
0
0
0
0
0
0
0
0
0
0
0
0
0
0
0
0
0
0
0
0
0
0
0
0
0
319.99999999999994
199.99999999999994
401.0
500.99999999999994
601.0
481.0
581.0
561.0
652.0
422.0
624.0
504.0
602.0
702.0
582.0
682.0
600.9999999999999
580.9999999999999
680.9999999999999
545.9999999999999
646.0
746.0
516.0
616.0
606.0
376.0000000000001
476.0
466.0
566.0
776.0000000000001
766.0
756.0
746.0
626.0
616.0
496.00000000000006
486.0
586.0
576.0
676.0
556.0
436.0
646.0
731.0
577.0
595.0
585.0
455.00000000000006
311.00000000000006
521.0
724.9999999999999
825.0
540.0
384.0
484.00000000000006
470.0
624.0000000000001
0
0
0
0
0
0
0
0
0
0
0
0
0
0
0
0
0
0
0
0
0
0
0
0
0
0
0
0
0
0
0
0
0
0
0
0
0
0
0
0
0
0
0
0
0
0
0
0
0
0
0
0
0
0
0
0
0
0
0
0
0
0
0
0
0
0
0
100.0
0
0
1000.0
200.0
0
510.0
510.0
510.0
400.0
510.0
400.0
200.0
200.0
200.0
200.0
200.0
200.0
200.0
510.0
510.0
620.0
400.0
400.0
510.0
510.0
510.0
510.0
0
0
0
0
0
0
0
0
0
0
620.0
400.0
510.0
510.0
0
0
400.0
510.0
400.0
520.0
0
0
510.0
730.0
510.0
7999.999999999999
8000.0
8000.000000000001
6999.999999999998
8000.000000000001
8000.000000000003
8000.000000000001
8000.000000000002
0
0
0
0
0
8000.000000000002
8000.0
7999.999999999997
8000.0
8000.000000000001
6999.999999999998
400.0
510.0
510.0
510.0
200.0
100.0
100.0
700.0
700.0
1000.0
1000.0
1000.0
700.0
900.0
900.0
900.0
8000.0
8079.999999999997
8160.000000000002
8159.999999999999
8160.0
8160.000000000001
8160.000000000001
8160.000000000001
8160.000000000002
8160.0
8160.000000000001
8159.999999999999
8159.999999999999
8159.999999999999
8159.999999999999
8159.999999999999
8160.000000000002
8160.0
8159.999999999999
7140.0
7140.000000000001
7140.000000000001
8160.000000000001
8160.000000000001
8159.999999999999
8160.000000000001
7140.0
7139.999999999999
7140.0
0
7140.000000000002
7139.999999999999
590.0
590.0
240.0
1200.0
1080.0
1200.0
1200.0
2000.0
2000.0
3000.0
2700.0
3000.0
2700.0
2100.0
3000.0
2700.0
2400.0
3000.0
2100.0
2400.0
6999.999999999999
8159.999999999999
8160.000000000001
7139.999999999998
8160.0
8160.0
8160.0
7139.999999999998
7140.0
7139.999999999999
8159.999999999999
8160.000000000001
8160.0
8159.999999999999
8160.000000000001
6120.000000000002
8160.000000000002
8160.000000000002
8160.000000000002
8160.000000000001
8160.0
0
9206.750199400285
9222.604104416641
9039.002966637707
9114.335794560448
9250.899624374539
9274.637298857262
14084.610532224317
13713.504289271994
26818.855889548606
9196.103700882304
9245.113455457602
9071.102866658148
0
9140.534442626642
9252.440602914854
9292.962975509594
613094.5512556959
9244.820886123962
13974.057043614972
13855.317584867049
0
0
0
0
0
4706.439666748047
4697.25726424309
0
0
0
4856.203702688217
425.9375
442.34375
4601.958799958229
4729.619781970978
455.0
4637.052705707338
0
4737.247639968991
0
4743.7634164094925
7162.297422428045
