9633.46687325626
9675.730470767065
6797.910079993016
0
13034.186566945506
9666.65712423247
9651.383940865078
9650.187490671758
9666.630386669734
9623.680964929647
9652.887112018767
6795.8279367684745
9641.72776600046
9613.878280905474
13006.95005787127
9645.363981489761
0
9641.463968167256
0
0
9634.323655960021
9659.668071233144
0
0
0
9648.990950986263
6810.197084588134
6800.384322689905
6796.104717308322
9646.64070442508
9675.920137355377
9638.17895597987
9654.242746320693
12981.066507565152
9666.35935062579
9663.713087393407
13013.691877503006
0
9627.419229326524
6798.729661810954
9656.732549428469
9705.567721902364
369.0264892578125
9669.866197292498
13003.946837187488
0
9686.676087395294
361.38671875
6796.553019723686
9645.316829568446
364.2817687988281
350.31700134277344
359.9175262451172
362.9807662963867
0
9642.501210711833
365.33809661865234
364.1685485839844
363.07119369506836
9665.341460126396
356.021728515625
9632.097505683387
9670.449640011753
361.1070251464844
9656.815212595255
358.5052824020386
9668.033902877834
205.859375
206.015625
204.921875
4998.2895666757395
5014.488406976743
203.984375
0
3532.7949270932004
5009.463368718716
5001.005735154758
0
3524.743764116429
0
4978.370791861307
0
203.671875
0
3520.6114255078137
0
2076.208162503608
2063.3782722987235
2961.033839792189
4980.090603386925
4979.9160851958
114.0966796875
5006.769846785755
113.90625
112.5341796875
113.49609375
2944.196121994464
2957.0900695907767
2085.9776607132517
2960.8562529792744
2960.881203980971
2941.8253222447047
2958.416602318006
2940.7425117653197
2932.3556594997353
3960.151141745805
5003.7627745185455
3970.3489343906244
2956.4147671082173
2937.5744954035326
2935.565556834579
2937.7736709304736
113.90625
2077.1229436434805
2959.9237102798534
2088.160277427014
2951.5082603349388
2944.866848666279
2933.0340328920283
2933.6690228804946
2920.832019485906
2942.5833359733224
2942.4898416794167
2944.738383966469
2937.564259339597
2952.5507157333777
2935.5114255769877
2081.8133760103956
116.71875
5010.483329395283
114.7216796875
2076.8303844414186
2936.49183340749
2951.674628791672
2948.7897837199853
2073.752085743472
2946.2919640727123
2931.6330424663465
2095.1654359698296
4979.383797286428
3515.3624443430454
4975.736761027947
5003.749143883615
2964.1880606968334
3521.7405614815652
